follower	followee
5	0
198	0
556	0
1091	0
2	1
44	1
110	1
174	1
186	1
388	1
452	1
701	1
1	2
4	2
44	2
82	2
105	2
110	2
172	2
174	2
186	2
230	2
388	2
397	2
452	2
701	2
8	3
30	3
141	3
390	3
439	3
456	3
671	3
696	3
709	3
903	3
1022	3
1153	3
2	4
44	4
82	4
105	4
110	4
172	4
174	4
186	4
230	4
388	4
412	4
452	4
701	4
0	5
34	5
414	5
418	5
686	5
1091	5
237	6
238	6
239	6
240	6
241	6
242	6
244	6
246	6
927	6
14	7
293	7
534	7
592	7
903	7
1087	7
3	8
317	8
418	8
456	8
686	8
695	8
1222	8
1281	8
195	9
515	9
672	9
1176	9
1294	9
34	10
149	10
461	10
920	10
949	10
990	10
493	11
666	11
924	11
954	11
1012	11
1046	11
102	12
372	12
665	12
1092	12
1172	12
61	13
645	13
7	14
449	14
671	14
1034	14
1300	14
50	15
767	15
903	15
1281	15
17	16
18	16
20	16
31	16
32	16
35	16
38	16
1096	16
16	17
18	17
19	17
20	17
31	17
32	17
35	17
38	17
1096	17
16	18
17	18
20	18
31	18
32	18
35	18
38	18
1096	18
17	19
32	19
35	19
38	19
1096	19
16	20
17	20
18	20
31	20
32	20
38	20
1096	20
22	21
25	21
679	21
21	22
24	22
25	22
52	22
226	22
679	22
287	23
548	23
22	24
25	24
150	24
215	24
679	24
21	25
22	25
24	25
52	25
150	25
215	25
679	25
60	26
1050	26
1251	26
1299	26
90	27
360	27
632	27
166	28
204	28
1094	28
1265	28
129	29
340	29
1230	29
3	30
78	30
367	30
456	30
891	30
1142	30
1153	30
16	31
17	31
18	31
20	31
32	31
35	31
1096	31
16	32
17	32
18	32
19	32
20	32
31	32
35	32
38	32
1096	32
261	33
646	33
677	33
978	33
5	34
10	34
77	34
149	34
326	34
367	34
686	34
912	34
920	34
949	34
1269	34
16	35
17	35
18	35
19	35
31	35
32	35
38	35
1096	35
94	36
502	36
567	36
726	36
213	37
217	37
591	37
631	37
651	37
781	37
916	37
965	37
16	38
17	38
18	38
19	38
20	38
32	38
35	38
1096	38
229	39
280	39
764	39
790	39
1170	39
1210	39
455	40
1030	40
374	41
550	41
1260	41
152	42
410	42
627	42
657	42
871	42
934	42
489	43
571	43
825	43
991	43
1175	43
1236	43
1	44
2	44
4	44
174	44
186	44
388	44
452	44
701	44
765	45
791	45
904	45
731	46
212	47
829	47
915	47
930	47
1159	47
49	48
54	48
1083	48
48	49
54	49
56	49
15	50
686	50
876	50
878	50
1028	50
188	51
385	51
659	51
669	51
735	51
738	51
22	52
25	52
152	53
627	53
657	53
871	53
934	53
1009	53
48	54
49	54
56	54
1083	54
608	55
49	56
54	56
219	57
349	57
402	57
769	57
1184	57
132	58
376	58
379	58
386	58
400	58
407	58
793	58
900	58
979	58
1103	58
1238	58
206	59
357	59
947	59
1091	59
1237	59
1285	59
1286	59
1289	59
26	60
1050	60
1251	60
13	61
265	61
591	61
635	61
752	61
764	61
1068	61
1101	61
1210	61
160	62
484	62
64	63
65	63
1042	63
63	64
65	64
1042	64
63	65
64	65
1042	65
720	66
992	66
1014	66
132	67
207	67
208	67
286	67
330	67
664	67
757	67
865	67
935	67
948	67
966	67
1095	67
1098	67
1238	67
69	68
70	68
71	68
72	68
73	68
74	68
75	68
68	69
70	69
71	69
72	69
73	69
74	69
75	69
68	70
69	70
71	70
72	70
73	70
74	70
75	70
68	71
69	71
70	71
72	71
73	71
74	71
75	71
68	72
69	72
70	72
71	72
73	72
74	72
75	72
68	73
69	73
70	73
71	73
72	73
74	73
75	73
68	74
69	74
70	74
71	74
72	74
73	74
75	74
68	75
69	75
70	75
71	75
72	75
73	75
74	75
198	76
286	76
296	76
467	76
668	76
907	76
34	77
149	77
461	77
912	77
920	77
30	78
145	78
581	78
696	78
1153	78
80	79
79	80
377	81
420	81
421	81
422	81
424	81
425	81
426	81
427	81
428	81
429	81
430	81
431	81
432	81
436	81
574	81
610	81
684	81
2	82
4	82
105	82
110	82
186	82
230	82
388	82
397	82
412	82
452	82
701	82
287	83
355	83
870	83
442	84
470	84
591	84
631	84
702	84
1101	84
122	85
138	85
153	85
159	85
682	85
779	85
892	85
941	85
87	86
88	86
91	86
192	86
466	86
1047	86
1242	86
86	87
88	87
91	87
192	87
466	87
1047	87
1242	87
86	88
87	88
91	88
192	88
466	88
1242	88
956	89
27	90
283	90
345	90
360	90
476	90
632	90
86	91
87	91
88	91
192	91
466	91
1047	91
1242	91
580	92
785	92
885	92
291	93
361	93
398	93
615	93
753	93
831	93
832	93
1112	93
36	94
502	94
726	94
97	95
98	95
99	95
100	95
101	95
103	95
609	95
357	96
524	96
823	96
95	97
98	97
99	97
100	97
101	97
103	97
609	97
95	98
97	98
99	98
100	98
101	98
103	98
609	98
95	99
97	99
98	99
100	99
101	99
103	99
609	99
95	100
97	100
98	100
99	100
101	100
103	100
609	100
95	101
97	101
98	101
99	101
100	101
103	101
609	101
12	102
372	102
1121	102
95	103
97	103
98	103
99	103
100	103
101	103
609	103
169	104
542	104
1120	104
2	105
4	105
82	105
110	105
186	105
230	105
397	105
412	105
107	106
194	106
272	106
320	106
381	106
517	106
938	106
106	107
381	107
517	107
873	107
938	107
472	108
503	108
789	108
231	109
235	109
245	109
247	109
250	109
257	109
258	109
259	109
260	109
273	109
274	109
275	109
276	109
277	109
535	109
602	109
1177	109
1	110
2	110
4	110
82	110
105	110
186	110
230	110
388	110
397	110
412	110
452	110
331	111
1062	111
1283	111
685	112
1075	112
1238	112
114	113
115	113
113	114
115	114
113	115
114	115
183	116
202	116
210	116
211	116
214	116
464	116
536	116
758	116
249	117
372	117
591	118
631	118
781	118
1082	118
1180	118
225	119
236	119
1138	119
204	120
371	120
330	121
644	121
653	121
755	121
901	121
1290	121
85	122
128	122
130	122
138	122
153	122
892	122
941	122
168	123
441	123
621	123
663	123
824	123
1077	123
414	124
985	124
1297	124
155	125
157	125
182	125
229	125
382	125
591	125
635	125
752	125
764	125
915	125
1068	125
1199	125
1210	125
1271	126
1272	126
1273	126
1274	126
1276	126
543	127
947	127
1181	127
1186	127
122	128
130	128
138	128
153	128
682	128
779	128
892	128
941	128
29	129
340	129
1230	129
1252	129
122	130
128	130
138	130
159	130
682	130
779	130
892	130
941	130
1135	131
1238	131
58	132
67	132
321	132
379	132
664	132
1103	132
1204	132
1215	132
326	133
341	133
344	133
399	133
500	133
514	133
540	133
588	133
633	133
637	133
836	133
910	133
968	133
1007	133
1023	133
1175	133
1241	133
1270	133
624	134
795	134
814	134
1147	134
626	135
1117	135
879	136
204	137
384	137
415	137
433	137
560	137
689	137
837	137
859	137
85	138
122	138
128	138
130	138
153	138
159	138
682	138
892	138
941	138
1051	139
1214	139
1301	140
3	141
176	141
281	141
581	141
671	141
903	141
1074	141
1188	141
1265	141
197	142
219	142
251	143
369	143
392	143
454	143
465	143
595	143
687	143
757	143
966	143
1229	143
1238	143
1264	143
576	144
1070	144
1169	144
1203	144
78	145
199	145
332	145
476	145
712	145
924	145
984	145
1006	145
1015	145
1153	145
1161	145
1181	145
468	146
784	146
1108	146
322	147
326	147
362	147
415	147
514	147
588	147
780	147
804	147
857	147
859	147
886	147
1175	147
1241	147
1270	147
1095	148
1168	148
10	149
34	149
77	149
878	149
920	149
949	149
990	149
24	150
25	150
215	150
679	150
394	151
42	152
53	152
627	152
657	152
871	152
934	152
1009	152
85	153
122	153
128	153
138	153
682	153
779	153
892	153
941	153
221	154
476	154
683	154
886	154
1175	154
1236	154
125	155
382	155
575	155
586	155
591	155
635	155
1159	155
158	156
125	157
265	157
382	157
414	157
555	157
591	157
635	157
694	157
702	157
752	157
1068	157
1199	157
1210	157
1279	157
156	158
85	159
130	159
138	159
779	159
892	159
941	159
62	160
712	160
993	160
1044	160
297	161
460	161
1082	161
1288	161
593	162
673	162
739	162
928	162
1027	162
1040	162
891	163
993	163
286	164
330	164
572	164
1292	164
330	165
900	165
948	165
28	166
283	166
571	166
737	166
1039	166
1094	166
1191	166
342	167
123	168
441	168
621	168
663	168
734	168
824	168
104	169
542	169
173	170
175	170
800	170
204	171
284	171
330	171
2	172
4	172
186	172
230	172
388	172
412	172
452	172
170	173
175	173
800	173
1	174
2	174
4	174
44	174
186	174
230	174
388	174
452	174
701	174
170	175
173	175
800	175
141	176
203	176
271	176
374	176
384	176
439	176
513	176
543	176
571	176
671	176
736	176
783	176
903	176
984	176
1006	176
1035	176
1153	176
1202	176
1236	176
1265	176
378	177
484	177
486	177
600	177
773	177
799	177
762	178
1051	178
189	179
196	179
223	179
319	179
450	179
268	180
880	180
1006	180
1250	181
1267	181
125	182
229	182
265	182
488	182
582	182
591	182
605	182
625	182
635	182
702	182
752	182
764	182
903	182
1068	182
1210	182
116	183
202	183
210	183
211	183
214	183
464	183
482	183
536	183
758	183
233	184
459	184
802	184
978	184
1002	184
261	185
323	185
449	185
459	185
1088	185
1225	185
1300	185
1	186
2	186
4	186
44	186
82	186
105	186
110	186
172	186
174	186
230	186
388	186
412	186
452	186
701	186
1248	187
51	188
385	188
659	188
735	188
738	188
931	188
179	189
196	189
223	189
319	189
450	189
490	190
667	190
745	190
850	190
1119	190
1039	191
86	192
87	192
88	192
91	192
283	192
466	192
1047	192
1242	192
950	193
1077	193
106	194
272	194
517	194
873	194
938	194
9	195
515	195
672	195
1294	195
179	196
189	196
223	196
319	196
450	196
142	197
290	197
608	197
697	197
1039	197
1134	197
0	198
76	198
296	198
557	198
668	198
145	199
283	199
393	199
876	199
925	199
1014	199
939	200
232	201
351	201
729	201
750	201
1151	201
116	202
183	202
210	202
211	202
482	202
758	202
176	203
543	203
783	203
28	204
120	204
137	204
171	204
387	204
677	204
919	204
984	204
1039	204
1094	204
1181	204
597	205
850	205
1064	205
1298	205
59	206
373	206
67	207
400	207
935	207
948	207
67	208
392	208
664	208
948	208
1095	208
1238	208
868	209
898	209
1234	209
116	210
183	210
202	210
211	210
214	210
482	210
758	210
116	211
183	211
202	211
210	211
214	211
482	211
536	211
758	211
47	212
213	212
382	212
631	212
781	212
841	212
915	212
930	212
989	212
1101	212
1159	212
1199	212
1212	212
37	213
212	213
229	213
342	213
448	213
510	213
631	213
651	213
965	213
1076	213
1082	213
116	214
183	214
210	214
211	214
464	214
482	214
536	214
758	214
24	215
25	215
150	215
679	215
318	216
976	216
1037	216
1238	216
37	217
269	217
703	217
767	217
965	217
1058	217
359	218
900	218
1167	218
1238	218
1310	218
57	219
142	219
284	220
784	220
154	221
414	221
587	221
767	221
834	221
1061	221
1175	221
1219	221
1265	221
999	222
179	223
189	223
196	223
319	223
450	223
534	224
638	224
119	225
477	225
747	225
22	226
679	226
1217	226
292	227
984	227
985	227
435	228
620	228
666	228
712	228
1113	228
1150	228
1268	228
39	229
125	229
182	229
213	229
382	229
591	229
631	229
635	229
752	229
764	229
781	229
1068	229
1101	229
1180	229
1210	229
2	230
4	230
82	230
105	230
110	230
172	230
174	230
186	230
388	230
397	230
412	230
452	230
701	230
109	231
235	231
245	231
247	231
250	231
257	231
258	231
259	231
260	231
273	231
274	231
275	231
276	231
277	231
535	231
602	231
1177	231
201	232
351	232
729	232
750	232
1151	232
184	233
336	233
1176	233
601	234
722	234
763	234
1080	234
1231	234
109	235
231	235
245	235
247	235
250	235
258	235
259	235
260	235
273	235
274	235
275	235
276	235
277	235
535	235
602	235
1177	235
119	236
756	236
1138	236
6	237
238	237
240	237
241	237
242	237
243	237
244	237
246	237
927	237
6	238
237	238
240	238
241	238
244	238
246	238
927	238
6	239
240	239
241	239
242	239
243	239
244	239
246	239
927	239
6	240
237	240
238	240
239	240
242	240
243	240
244	240
246	240
927	240
6	241
237	241
238	241
239	241
242	241
243	241
244	241
246	241
927	241
6	242
237	242
239	242
240	242
241	242
244	242
246	242
927	242
237	243
239	243
240	243
241	243
244	243
246	243
927	243
6	244
237	244
238	244
239	244
240	244
241	244
242	244
243	244
246	244
927	244
109	245
231	245
235	245
247	245
250	245
257	245
258	245
259	245
260	245
273	245
274	245
275	245
276	245
277	245
535	245
602	245
1177	245
6	246
237	246
238	246
239	246
240	246
241	246
242	246
243	246
244	246
927	246
109	247
231	247
235	247
245	247
250	247
257	247
258	247
259	247
260	247
273	247
274	247
275	247
276	247
277	247
535	247
602	247
1177	247
1247	248
117	249
1090	249
1102	249
109	250
231	250
235	250
245	250
247	250
257	250
258	250
259	250
260	250
273	250
274	250
275	250
276	250
277	250
1177	250
143	251
465	251
757	251
900	251
966	251
981	251
1105	251
900	252
1174	252
1206	252
1006	253
469	254
769	254
1133	254
748	255
768	255
785	255
926	255
278	256
387	256
393	256
419	256
611	256
977	256
1187	256
1292	256
109	257
231	257
245	257
247	257
250	257
258	257
259	257
260	257
273	257
274	257
275	257
276	257
277	257
535	257
602	257
1177	257
109	258
231	258
235	258
245	258
247	258
250	258
257	258
259	258
260	258
273	258
274	258
275	258
276	258
277	258
602	258
1177	258
109	259
231	259
235	259
245	259
247	259
250	259
257	259
258	259
260	259
273	259
274	259
275	259
276	259
277	259
535	259
602	259
1177	259
109	260
231	260
235	260
245	260
247	260
250	260
257	260
258	260
259	260
273	260
274	260
275	260
276	260
277	260
535	260
602	260
1177	260
33	261
185	261
281	261
287	261
318	261
330	261
599	261
678	261
760	261
770	261
897	261
900	261
922	261
1072	261
1089	261
1199	261
1208	261
282	262
905	262
963	262
924	263
1022	263
1087	263
1091	263
525	264
531	264
640	264
830	264
953	264
1038	264
1048	264
61	265
157	265
182	265
591	265
752	265
764	265
1068	265
1210	265
474	266
901	266
392	267
966	267
180	268
880	268
1006	268
217	269
651	269
965	269
1076	269
1170	269
449	270
847	270
1088	270
176	271
384	271
924	271
1006	271
1074	271
1111	271
106	272
194	272
517	272
938	272
957	272
109	273
231	273
235	273
245	273
247	273
250	273
257	273
258	273
259	273
260	273
274	273
275	273
276	273
277	273
535	273
1177	273
109	274
231	274
235	274
245	274
247	274
250	274
257	274
258	274
259	274
260	274
273	274
275	274
276	274
277	274
535	274
602	274
1177	274
109	275
231	275
235	275
245	275
247	275
250	275
257	275
258	275
259	275
260	275
273	275
274	275
276	275
277	275
535	275
602	275
1177	275
109	276
231	276
235	276
245	276
247	276
250	276
257	276
258	276
259	276
260	276
273	276
274	276
275	276
277	276
535	276
602	276
1177	276
109	277
231	277
235	277
245	277
247	277
250	277
257	277
258	277
259	277
260	277
273	277
274	277
275	277
276	277
535	277
602	277
1177	277
256	278
285	278
297	278
348	278
924	278
1153	278
900	279
1178	279
39	280
694	280
702	280
764	280
790	280
1210	280
141	281
261	281
568	281
572	281
620	281
1263	281
1268	281
262	282
905	282
963	282
90	283
166	283
192	283
199	283
476	283
571	283
1035	283
171	284
220	284
318	284
476	284
1293	284
278	285
674	285
783	285
1074	285
1186	285
67	286
76	286
164	286
330	286
433	286
780	286
993	286
1153	286
23	287
83	287
261	287
549	287
842	287
895	287
974	287
1075	287
1238	287
1258	287
1290	287
457	288
1282	288
1077	289
1090	289
197	290
755	290
1134	290
93	291
361	291
615	291
723	291
753	291
817	291
831	291
832	291
1112	291
227	292
7	293
731	293
815	293
336	294
487	294
806	294
1032	294
1053	294
741	295
1263	295
1296	295
76	296
198	296
467	296
542	296
557	296
161	297
278	297
396	297
475	297
497	297
783	297
1022	297
1082	297
1136	297
579	298
924	299
1012	299
1046	299
1087	299
1153	299
301	300
302	300
303	300
304	300
305	300
306	300
307	300
308	300
309	300
310	300
311	300
312	300
313	300
314	300
315	300
300	301
302	301
303	301
304	301
305	301
306	301
307	301
308	301
309	301
310	301
311	301
313	301
314	301
315	301
300	302
301	302
303	302
304	302
305	302
307	302
308	302
309	302
310	302
311	302
313	302
314	302
315	302
300	303
301	303
302	303
304	303
305	303
306	303
307	303
308	303
309	303
310	303
311	303
312	303
313	303
314	303
315	303
300	304
301	304
302	304
303	304
305	304
306	304
307	304
308	304
309	304
310	304
311	304
313	304
314	304
315	304
300	305
301	305
302	305
303	305
304	305
306	305
307	305
308	305
309	305
310	305
311	305
312	305
313	305
314	305
315	305
300	306
301	306
303	306
304	306
305	306
307	306
308	306
310	306
311	306
313	306
314	306
315	306
300	307
301	307
302	307
303	307
304	307
305	307
306	307
308	307
309	307
310	307
311	307
312	307
313	307
314	307
315	307
300	308
301	308
302	308
303	308
304	308
305	308
306	308
307	308
309	308
310	308
311	308
313	308
314	308
315	308
300	309
301	309
302	309
303	309
304	309
305	309
307	309
308	309
310	309
311	309
312	309
313	309
314	309
315	309
300	310
301	310
302	310
303	310
304	310
305	310
306	310
307	310
308	310
309	310
311	310
312	310
313	310
314	310
315	310
300	311
301	311
302	311
303	311
304	311
305	311
306	311
307	311
308	311
309	311
310	311
312	311
313	311
314	311
315	311
300	312
303	312
305	312
307	312
309	312
310	312
311	312
300	313
301	313
302	313
303	313
304	313
305	313
306	313
307	313
308	313
309	313
310	313
311	313
314	313
315	313
300	314
301	314
302	314
303	314
304	314
305	314
306	314
307	314
308	314
309	314
310	314
311	314
313	314
315	314
300	315
301	315
302	315
303	315
304	315
305	315
306	315
307	315
308	315
309	315
310	315
311	315
313	315
314	315
879	316
8	317
456	317
984	317
1175	317
1236	317
1284	317
216	318
261	318
284	318
698	318
938	318
1039	318
1103	318
1110	318
1174	318
1217	318
179	319
189	319
196	319
223	319
106	320
517	320
761	320
938	320
132	321
406	321
727	321
932	321
995	321
1103	321
1104	321
1174	321
1215	321
1238	321
147	322
326	322
415	322
483	322
514	322
523	322
560	322
588	322
683	322
804	322
826	322
859	322
886	322
991	322
1007	322
1172	322
1175	322
1236	322
1270	322
185	323
443	323
459	323
918	324
859	325
1172	325
34	326
133	326
147	326
322	326
334	326
339	326
344	326
371	326
383	326
399	326
405	326
411	326
413	326
415	326
416	326
445	326
447	326
453	326
476	326
479	326
483	326
491	326
498	326
500	326
504	326
514	326
522	326
523	326
537	326
539	326
540	326
551	326
560	326
569	326
571	326
577	326
588	326
633	326
655	326
683	326
689	326
690	326
695	326
705	326
708	326
711	326
724	326
728	326
740	326
780	326
804	326
826	326
836	326
844	326
857	326
859	326
869	326
936	326
961	326
968	326
991	326
1007	326
1023	326
1024	326
1025	326
1171	326
1172	326
1175	326
1181	326
1191	326
1236	326
1241	326
1243	326
1270	326
1306	326
363	327
1207	327
371	328
399	328
476	328
514	328
560	328
588	328
633	328
705	328
711	328
740	328
778	328
804	328
859	328
886	328
968	328
1024	328
1175	328
1241	328
1270	328
335	329
338	329
706	329
67	330
121	330
164	330
165	330
171	330
261	330
286	330
455	330
505	330
578	330
762	330
938	330
980	330
1083	330
1104	330
1105	330
1224	330
1238	330
1290	330
111	331
1062	331
1283	331
145	332
490	332
1202	332
566	333
787	333
1198	333
326	334
409	334
804	334
984	334
1148	334
1265	334
1306	334
329	335
338	335
706	335
233	336
294	336
487	336
647	336
806	336
808	336
858	336
887	336
1032	336
1053	336
606	337
911	337
1060	337
1104	337
329	338
335	338
706	338
326	339
399	339
447	339
453	339
523	339
540	339
551	339
588	339
633	339
695	339
705	339
859	339
968	339
1007	339
1023	339
1270	339
29	340
129	340
1230	340
133	341
344	341
498	341
540	341
588	341
711	341
804	341
826	341
910	341
968	341
991	341
1023	341
1270	341
167	342
213	342
651	342
1082	342
1170	342
352	343
800	343
133	344
326	344
341	344
371	344
399	344
498	344
539	344
540	344
588	344
633	344
683	344
690	344
711	344
968	344
1007	344
1023	344
1241	344
1270	344
90	345
360	345
632	345
837	345
744	346
1216	346
800	347
278	348
373	348
603	348
671	348
903	348
1034	348
1142	348
1153	348
1285	348
57	349
469	349
769	349
1133	349
1184	349
358	350
201	351
232	351
729	351
750	351
1151	351
343	352
800	352
389	353
637	353
473	354
601	354
722	354
763	354
843	354
1080	354
1231	354
83	355
685	355
870	355
964	355
1031	356
59	357
96	357
524	357
823	357
940	357
350	358
768	358
218	359
900	359
995	359
27	360
90	360
345	360
632	360
93	361
291	361
398	361
538	361
615	361
723	361
753	361
776	361
817	361
831	361
832	361
1112	361
147	362
893	362
1091	362
1111	362
327	363
1207	363
492	364
592	364
680	364
700	364
845	364
526	365
590	365
730	365
960	365
1193	365
1222	365
688	366
30	367
34	367
461	367
592	367
686	367
783	367
903	367
1034	367
1091	367
416	368
801	368
999	368
143	369
392	369
454	369
465	369
687	369
757	369
820	369
409	370
475	370
783	370
1091	370
1190	370
120	371
326	371
328	371
344	371
413	371
445	371
447	371
498	371
500	371
504	371
539	371
540	371
551	371
560	371
588	371
633	371
690	371
695	371
705	371
711	371
740	371
778	371
804	371
836	371
844	371
859	371
869	371
936	371
961	371
968	371
1023	371
1024	371
1025	371
1241	371
1262	371
1270	371
1306	371
12	372
102	372
117	372
1092	372
206	373
348	373
41	374
176	374
384	374
550	374
660	374
902	374
903	374
984	374
1161	374
1181	374
1265	374
458	375
967	375
58	376
379	376
1056	376
1103	376
1178	376
81	377
420	377
421	377
424	377
427	377
430	377
431	377
432	377
436	377
574	377
684	377
177	378
455	378
484	378
501	378
600	378
799	378
1030	378
58	379
132	379
376	379
406	379
407	379
509	379
1052	379
1103	379
1104	379
1110	379
1238	379
403	380
554	380
582	380
591	380
896	380
902	380
908	380
925	380
962	380
1310	380
106	381
107	381
517	381
873	381
938	381
125	382
155	382
157	382
212	382
229	382
591	382
635	382
752	382
764	382
915	382
1068	382
1159	382
1210	382
326	383
588	383
689	383
705	383
836	383
859	383
1241	383
1270	383
137	384
176	384
271	384
374	384
660	384
984	384
998	384
1006	384
1187	384
51	385
188	385
659	385
669	385
735	385
738	385
931	385
58	386
403	386
1238	386
204	387
256	387
736	387
956	387
1	388
2	388
4	388
44	388
82	388
110	388
172	388
174	388
186	388
230	388
412	388
452	388
701	388
353	389
569	389
637	389
864	389
3	390
456	390
581	390
903	390
1153	390
1188	390
624	391
795	391
814	391
1147	391
143	392
208	392
267	392
369	392
595	392
664	392
687	392
757	392
863	392
932	392
948	392
966	392
995	392
1010	392
1095	392
1103	392
1104	392
1228	392
1238	392
1259	392
199	393
256	393
710	393
956	393
1292	393
151	394
614	395
636	395
1304	395
297	396
555	396
568	396
572	396
573	396
578	396
611	396
696	396
712	396
759	396
903	396
1046	396
1153	396
1161	396
1263	396
1296	396
2	397
82	397
105	397
110	397
230	397
412	397
93	398
361	398
538	398
753	398
776	398
817	398
832	398
1063	398
133	399
326	399
328	399
339	399
344	399
405	399
415	399
433	399
445	399
447	399
514	399
522	399
540	399
551	399
560	399
588	399
623	399
633	399
689	399
690	399
705	399
724	399
778	399
780	399
837	399
857	399
859	399
968	399
1007	399
1024	399
1172	399
1175	399
1181	399
1241	399
1270	399
58	400
207	400
921	400
935	400
948	400
1052	400
481	401
499	401
508	401
57	402
469	402
769	402
1133	402
1184	402
380	403
386	403
1093	403
1217	403
452	404
462	404
326	405
399	405
413	405
491	405
514	405
539	405
540	405
571	405
588	405
690	405
711	405
724	405
1007	405
1024	405
1241	405
1270	405
1306	405
321	406
379	406
407	406
509	406
882	406
921	406
1052	406
1104	406
1206	406
1215	406
58	407
379	407
406	407
485	407
649	407
698	407
818	407
900	407
921	407
1052	407
1103	407
1104	407
1215	407
1301	407
743	408
878	408
891	408
990	408
1084	408
1145	408
1181	408
1269	408
1277	408
334	409
370	409
418	409
449	409
476	409
902	409
1054	409
42	410
627	410
657	410
681	410
871	410
934	410
1009	410
326	411
504	411
519	411
588	411
711	411
1175	411
1241	411
4	412
82	412
105	412
110	412
172	412
186	412
230	412
388	412
397	412
701	412
326	413
371	413
405	413
453	413
588	413
689	413
778	413
780	413
869	413
936	413
961	413
1024	413
1241	413
5	414
124	414
157	414
221	414
488	414
686	414
752	414
783	414
903	414
1006	414
1082	414
1139	414
1153	414
1297	414
137	415
147	415
322	415
326	415
399	415
445	415
447	415
453	415
476	415
504	415
514	415
540	415
560	415
571	415
577	415
588	415
633	415
683	415
689	415
695	415
705	415
708	415
711	415
740	415
780	415
804	415
826	415
859	415
886	415
968	415
991	415
1007	415
1023	415
1172	415
1175	415
1179	415
1191	415
1270	415
1306	415
326	416
368	416
689	416
705	416
836	416
999	416
1312	417
5	418
8	418
409	418
437	418
476	418
514	418
556	418
559	418
588	418
638	418
683	418
686	418
695	418
780	418
804	418
878	418
886	418
968	418
1021	418
1055	418
1091	418
1175	418
1181	418
1182	418
256	419
611	419
777	419
997	419
1046	419
81	420
377	420
421	420
422	420
423	420
424	420
425	420
426	420
427	420
428	420
429	420
430	420
431	420
432	420
436	420
574	420
610	420
684	420
81	421
377	421
420	421
422	421
423	421
424	421
425	421
426	421
427	421
428	421
429	421
430	421
431	421
432	421
436	421
574	421
610	421
684	421
81	422
420	422
421	422
423	422
424	422
425	422
426	422
427	422
428	422
429	422
430	422
431	422
432	422
436	422
574	422
610	422
684	422
420	423
421	423
422	423
424	423
425	423
426	423
427	423
428	423
429	423
430	423
431	423
432	423
436	423
574	423
610	423
684	423
81	424
377	424
420	424
421	424
422	424
423	424
425	424
426	424
427	424
428	424
429	424
430	424
431	424
432	424
436	424
574	424
610	424
684	424
81	425
420	425
421	425
422	425
423	425
424	425
426	425
427	425
428	425
429	425
430	425
431	425
432	425
436	425
574	425
610	425
684	425
81	426
420	426
421	426
422	426
423	426
424	426
425	426
427	426
428	426
429	426
430	426
431	426
432	426
436	426
574	426
610	426
684	426
81	427
377	427
420	427
421	427
422	427
423	427
424	427
425	427
426	427
428	427
429	427
430	427
431	427
432	427
436	427
574	427
610	427
684	427
81	428
420	428
421	428
422	428
423	428
424	428
425	428
426	428
427	428
429	428
430	428
431	428
432	428
436	428
574	428
684	428
81	429
420	429
421	429
422	429
423	429
424	429
425	429
426	429
427	429
428	429
430	429
431	429
432	429
436	429
574	429
610	429
684	429
81	430
377	430
420	430
421	430
422	430
423	430
424	430
425	430
426	430
427	430
428	430
429	430
431	430
432	430
436	430
574	430
610	430
684	430
81	431
377	431
420	431
421	431
422	431
423	431
424	431
425	431
426	431
427	431
428	431
429	431
430	431
432	431
436	431
574	431
610	431
684	431
81	432
377	432
420	432
421	432
422	432
423	432
424	432
425	432
426	432
427	432
428	432
429	432
430	432
431	432
436	432
574	432
610	432
684	432
137	433
286	433
399	433
500	433
551	433
571	433
588	433
695	433
711	433
728	433
807	433
1024	433
1047	433
1175	433
1270	433
540	434
633	434
708	434
991	434
1007	434
1017	434
1270	434
228	435
666	435
741	435
1113	435
1150	435
81	436
377	436
420	436
421	436
422	436
423	436
424	436
425	436
426	436
427	436
428	436
429	436
430	436
431	436
432	436
574	436
610	436
684	436
418	437
695	437
1055	437
1087	437
529	438
612	438
828	438
1065	438
3	439
176	439
513	439
543	439
671	439
736	439
944	439
1006	439
1257	439
908	440
123	441
168	441
621	441
663	441
734	441
824	441
1077	441
84	442
470	442
582	442
591	442
631	442
1101	442
323	443
543	444
1244	444
326	445
371	445
399	445
415	445
500	445
514	445
551	445
588	445
690	445
695	445
724	445
780	445
804	445
807	445
836	445
857	445
859	445
864	445
1023	445
1024	445
1241	445
1306	445
454	446
326	447
339	447
371	447
399	447
415	447
453	447
476	447
504	447
514	447
523	447
540	447
551	447
588	447
633	447
689	447
695	447
705	447
826	447
859	447
968	447
1007	447
1023	447
1175	447
1191	447
1241	447
1270	447
213	448
631	448
906	448
989	448
1003	448
1082	448
14	449
185	449
270	449
409	449
556	449
671	449
902	449
996	449
1067	449
1088	449
1158	449
1181	449
1203	449
1289	449
1298	449
179	450
189	450
196	450
223	450
1213	451
1	452
2	452
4	452
44	452
82	452
110	452
172	452
174	452
186	452
230	452
388	452
404	452
701	452
326	453
339	453
413	453
415	453
447	453
539	453
588	453
695	453
724	453
804	453
826	453
968	453
1017	453
1024	453
1241	453
1306	453
143	454
369	454
446	454
757	454
900	454
932	454
966	454
1098	454
1238	454
40	455
330	455
378	455
484	455
501	455
1030	455
3	456
8	456
30	456
317	456
390	456
1281	456
288	457
1282	457
375	458
1099	458
184	459
185	459
323	459
774	459
839	459
894	459
1120	459
1226	459
1238	459
161	460
906	460
1082	460
10	461
77	461
367	461
559	461
671	461
912	461
920	461
1034	461
1277	461
404	462
479	462
558	462
656	462
878	462
902	462
908	462
962	462
1054	462
1055	462
1091	462
1181	462
1182	463
116	464
183	464
214	464
482	464
536	464
758	464
143	465
251	465
369	465
727	465
820	465
882	465
900	465
932	465
1152	465
1178	465
1217	465
1238	465
86	466
87	466
88	466
91	466
192	466
1047	466
1242	466
76	467
296	467
645	467
668	467
1111	467
146	468
784	468
1108	468
254	469
349	469
402	469
769	469
1133	469
84	470
442	470
582	470
591	470
631	470
635	470
703	470
822	470
841	470
1101	470
1180	470
1199	470
478	471
648	471
951	471
108	472
1097	472
1120	472
354	473
601	473
722	473
843	473
1080	473
1231	473
266	474
578	474
653	474
901	474
297	475
370	475
532	475
924	475
1082	475
1087	475
1091	475
90	476
145	476
154	476
283	476
284	476
326	476
328	476
409	476
415	476
418	476
447	476
483	476
498	476
514	476
571	476
577	476
588	476
623	476
633	476
660	476
689	476
695	476
804	476
837	476
859	476
991	476
1023	476
1091	476
1102	476
1172	476
1175	476
1236	476
1270	476
225	477
742	477
747	477
1138	477
1213	477
471	478
648	478
951	478
326	479
462	479
645	479
804	479
794	480
969	480
401	481
499	481
508	481
578	481
894	481
1115	481
1240	481
183	482
202	482
210	482
211	482
214	482
464	482
536	482
758	482
322	483
326	483
476	483
569	483
571	483
655	483
804	483
859	483
1007	483
1284	483
62	484
177	484
378	484
455	484
486	484
501	484
600	484
407	485
1114	485
1238	485
177	486
484	486
600	486
738	486
799	486
970	486
294	487
336	487
647	487
806	487
858	487
887	487
1032	487
1053	487
182	488
414	488
635	488
752	488
1199	488
1210	488
43	489
571	489
836	489
991	489
1175	489
190	490
332	490
326	491
405	491
588	491
991	491
1017	491
1024	491
364	492
592	492
700	492
845	492
11	493
589	493
924	493
954	493
1012	493
1082	493
1149	493
589	494
1091	494
1237	494
1256	494
1289	494
908	495
674	496
297	497
674	497
1046	497
1082	497
1190	497
326	498
341	498
344	498
371	498
476	498
540	498
588	498
689	498
711	498
804	498
859	498
1023	498
1241	498
1270	498
1306	498
401	499
481	499
508	499
133	500
326	500
371	500
433	500
445	500
514	500
560	500
577	500
588	500
705	500
724	500
778	500
780	500
804	500
836	500
857	500
859	500
1017	500
1175	500
1241	500
378	501
455	501
484	501
1221	501
36	502
94	502
567	502
726	502
108	503
630	503
326	504
371	504
411	504
415	504
447	504
539	504
588	504
633	504
711	504
780	504
804	504
844	504
859	504
991	504
1017	504
1023	504
1024	504
1025	504
1175	504
1191	504
1270	504
330	505
542	505
840	505
902	505
783	506
944	506
984	506
1222	506
652	507
401	508
481	508
499	508
379	509
406	509
863	509
946	509
1249	509
213	510
575	510
592	510
631	510
781	510
965	510
1082	510
1159	510
1180	510
538	511
615	511
723	511
817	511
832	511
866	512
1263	512
1296	512
176	513
439	513
584	513
696	513
903	513
1153	513
133	514
147	514
322	514
326	514
328	514
399	514
405	514
415	514
418	514
445	514
447	514
476	514
500	514
522	514
523	514
537	514
540	514
560	514
569	514
577	514
588	514
683	514
689	514
690	514
705	514
708	514
780	514
804	514
826	514
836	514
837	514
859	514
886	514
968	514
1024	514
1172	514
1175	514
1181	514
1306	514
9	515
195	515
672	515
1176	515
1294	515
958	516
1005	516
1141	516
106	517
107	517
194	517
272	517
320	517
381	517
761	517
873	517
938	517
957	517
628	518
704	518
797	518
846	518
884	518
977	518
411	519
588	519
711	519
991	519
1007	519
1023	519
1306	519
990	520
1084	520
1145	520
1185	520
1269	520
608	521
1201	521
326	522
399	522
514	522
540	522
588	522
633	522
780	522
804	522
859	522
968	522
991	522
1007	522
1175	522
1270	522
1306	522
322	523
326	523
339	523
447	523
514	523
588	523
689	523
780	523
804	523
826	523
1023	523
1243	523
1270	523
96	524
357	524
618	524
823	524
264	525
531	525
640	525
830	525
953	525
1038	525
1048	525
365	526
590	526
692	526
730	526
1193	526
1222	526
1245	526
584	527
646	527
903	527
1269	527
792	528
809	528
438	529
612	529
828	529
1065	529
889	530
264	531
525	531
640	531
830	531
1038	531
1048	531
475	532
544	533
545	533
546	533
547	533
563	533
661	533
775	533
1033	533
7	534
224	534
603	534
638	534
754	534
1205	534
109	535
231	535
235	535
245	535
247	535
257	535
259	535
260	535
273	535
274	535
275	535
276	535
277	535
602	535
1177	535
116	536
183	536
211	536
214	536
464	536
482	536
758	536
326	537
514	537
623	537
1023	537
1024	537
1172	537
361	538
398	538
511	538
776	538
817	538
832	538
1063	538
326	539
344	539
371	539
405	539
453	539
504	539
540	539
551	539
588	539
633	539
711	539
778	539
780	539
936	539
961	539
1023	539
1024	539
1025	539
1191	539
1241	539
1270	539
1306	539
133	540
326	540
339	540
341	540
344	540
371	540
399	540
405	540
415	540
434	540
447	540
498	540
514	540
522	540
539	540
551	540
560	540
588	540
623	540
633	540
689	540
705	540
711	540
724	540
740	540
778	540
780	540
804	540
859	540
869	540
936	540
968	540
1007	540
1017	540
1023	540
1024	540
1175	540
1241	540
1262	540
1270	540
616	541
888	541
1291	541
104	542
169	542
296	542
505	542
557	542
127	543
176	543
203	543
439	543
444	543
796	543
947	543
1181	543
1186	543
1209	543
533	544
545	544
546	544
547	544
563	544
775	544
1033	544
533	545
544	545
547	545
661	545
775	545
1033	545
533	546
544	546
563	546
661	546
775	546
1033	546
533	547
544	547
545	547
563	547
661	547
775	547
1033	547
23	548
872	548
986	548
1226	548
1238	548
1261	548
287	549
1075	549
1105	549
1238	549
1264	549
41	550
374	550
984	550
1260	550
326	551
339	551
371	551
399	551
433	551
445	551
447	551
539	551
540	551
571	551
588	551
623	551
633	551
689	551
705	551
711	551
836	551
859	551
1007	551
1023	551
1024	551
1175	551
1241	551
1262	551
1270	551
1306	551
585	552
771	553
947	553
962	553
380	554
157	555
396	555
568	555
572	555
573	555
1289	555
0	556
418	556
449	556
198	557
296	557
542	557
668	557
1111	557
462	558
984	558
418	559
461	559
1237	559
137	560
322	560
326	560
328	560
371	560
399	560
415	560
500	560
514	560
540	560
569	560
588	560
633	560
689	560
705	560
740	560
778	560
780	560
804	560
826	560
859	560
886	560
968	560
1023	560
1175	560
1241	560
562	561
732	561
899	561
1137	561
561	562
899	562
1137	562
533	563
544	563
546	563
547	563
775	563
1033	563
665	564
1073	564
747	565
333	566
1217	566
36	567
502	567
726	567
281	568
396	568
555	568
572	568
573	568
759	568
1113	568
1263	568
1296	568
326	569
389	569
483	569
514	569
560	569
577	569
588	569
637	569
695	569
780	569
810	569
859	569
1161	569
1175	569
1236	569
811	570
43	571
166	571
176	571
283	571
326	571
405	571
415	571
433	571
476	571
483	571
489	571
551	571
584	571
588	571
656	571
708	571
804	571
861	571
893	571
984	571
991	571
1035	571
1074	571
1175	571
1236	571
1258	571
1270	571
164	572
281	572
396	572
555	572
568	572
573	572
759	572
1263	572
1296	572
396	573
555	573
568	573
572	573
1263	573
1296	573
81	574
377	574
420	574
421	574
422	574
423	574
424	574
425	574
426	574
427	574
428	574
429	574
430	574
431	574
432	574
436	574
610	574
684	574
155	575
510	575
586	575
915	575
930	575
1159	575
1170	575
144	576
1070	576
1169	576
1203	576
326	577
415	577
476	577
500	577
514	577
569	577
588	577
633	577
655	577
695	577
810	577
826	577
859	577
1172	577
1175	577
1236	577
1241	577
1270	577
1284	577
330	578
396	578
474	578
481	578
901	578
1021	578
1028	578
1076	578
1203	578
298	579
1006	579
92	580
785	580
1189	580
78	581
141	581
390	581
944	581
1188	581
182	582
380	582
442	582
470	582
591	582
635	582
703	582
841	582
1101	582
1199	582
1210	582
1279	582
671	583
786	583
1013	583
513	584
527	584
571	584
861	584
1153	584
552	585
1056	585
155	586
575	586
591	586
694	586
915	586
930	586
1068	586
1199	586
1210	586
1212	586
221	587
834	587
1219	587
133	588
147	588
322	588
326	588
328	588
339	588
341	588
344	588
371	588
383	588
399	588
405	588
411	588
413	588
415	588
418	588
433	588
445	588
447	588
453	588
476	588
491	588
498	588
500	588
504	588
514	588
519	588
522	588
523	588
539	588
540	588
551	588
560	588
569	588
571	588
577	588
623	588
633	588
655	588
683	588
689	588
695	588
705	588
708	588
711	588
724	588
728	588
740	588
778	588
780	588
804	588
810	588
825	588
826	588
836	588
837	588
857	588
859	588
864	588
886	588
910	588
961	588
968	588
991	588
1007	588
1017	588
1023	588
1024	588
1025	588
1175	588
1179	588
1181	588
1191	588
1236	588
1241	588
1262	588
1270	588
1284	588
1286	588
1306	588
493	589
494	589
903	589
1034	589
365	590
526	590
692	590
730	590
960	590
1193	590
1222	590
1245	590
37	591
61	591
84	591
118	591
125	591
155	591
157	591
182	591
229	591
265	591
380	591
382	591
442	591
470	591
582	591
586	591
631	591
635	591
694	591
764	591
781	591
841	591
915	591
989	591
1068	591
1082	591
1101	591
1180	591
1199	591
1210	591
1212	591
7	592
364	592
367	592
492	592
510	592
680	592
700	592
845	592
162	593
673	593
739	593
928	593
1027	593
1040	593
617	594
143	595
392	595
687	595
900	595
981	595
1103	595
1217	595
1238	595
641	596
1041	596
1214	596
205	597
644	597
850	597
1064	597
1298	597
733	598
1056	598
261	599
658	599
897	599
1085	599
177	600
378	600
484	600
486	600
799	600
234	601
354	601
473	601
722	601
843	601
1080	601
1231	601
109	602
231	602
235	602
245	602
247	602
257	602
258	602
259	602
260	602
274	602
275	602
276	602
277	602
535	602
1177	602
348	603
534	603
671	603
754	603
1205	603
765	604
182	605
625	605
903	605
1139	605
1153	605
1170	605
337	606
911	606
1060	606
1104	606
835	607
925	607
55	608
197	608
521	608
804	608
1054	608
1292	608
95	609
97	609
98	609
99	609
100	609
101	609
103	609
81	610
420	610
421	610
422	610
423	610
424	610
425	610
426	610
427	610
429	610
430	610
431	610
432	610
436	610
574	610
684	610
256	611
396	611
419	611
1046	611
1082	611
1087	611
438	612
529	612
828	612
1065	612
933	613
1256	613
395	614
636	614
1304	614
93	615
291	615
361	615
511	615
723	615
753	615
776	615
817	615
831	615
832	615
1112	615
541	616
888	616
1291	616
594	617
524	618
823	618
998	618
887	619
228	620
281	620
1036	620
1113	620
1150	620
1268	620
123	621
168	621
441	621
663	621
824	621
1077	621
903	622
399	623
476	623
537	623
540	623
551	623
588	623
859	623
1007	623
134	624
391	624
795	624
814	624
182	625
605	625
903	625
1153	625
135	626
1117	626
42	627
53	627
152	627
410	627
657	627
934	627
518	628
704	628
797	628
846	628
884	628
977	628
1004	629
503	630
37	631
84	631
118	631
212	631
213	631
229	631
442	631
448	631
470	631
510	631
591	631
781	631
965	631
989	631
1082	631
1101	631
1180	631
1210	631
27	632
90	632
345	632
360	632
133	633
326	633
328	633
339	633
344	633
371	633
399	633
415	633
434	633
447	633
476	633
504	633
522	633
539	633
540	633
551	633
560	633
577	633
588	633
689	633
690	633
695	633
705	633
708	633
711	633
724	633
728	633
740	633
778	633
780	633
804	633
807	633
826	633
836	633
859	633
869	633
886	633
936	633
961	633
968	633
991	633
1007	633
1017	633
1023	633
1024	633
1175	633
1191	633
1241	633
1262	633
1270	633
1306	633
1118	634
1295	634
61	635
125	635
155	635
157	635
182	635
229	635
382	635
470	635
488	635
582	635
591	635
752	635
915	635
1068	635
1199	635
1210	635
395	636
614	636
1304	636
133	637
353	637
389	637
569	637
689	637
224	638
418	638
534	638
1309	639
264	640
525	640
531	640
830	640
953	640
1038	640
1048	640
596	641
1041	641
838	642
1254	643
121	644
597	644
654	644
1225	644
1293	644
1310	644
13	645
467	645
479	645
760	645
922	645
33	646
527	646
803	646
909	646
913	646
1044	646
1057	646
1148	646
1202	646
336	647
487	647
471	648
478	648
903	648
951	648
407	649
1083	649
725	650
860	650
1308	650
37	651
213	651
269	651
342	651
1082	651
507	652
952	652
121	653
474	653
901	653
1039	653
1116	653
644	654
1029	654
326	655
483	655
577	655
588	655
705	655
836	655
991	655
1241	655
462	656
571	656
984	656
1074	656
42	657
53	657
152	657
410	657
627	657
681	657
871	657
934	657
1009	657
599	658
1085	658
51	659
188	659
385	659
669	659
735	659
738	659
374	660
384	660
476	660
904	660
956	660
1006	660
1055	660
533	661
545	661
546	661
547	661
775	661
1033	661
958	662
1005	662
1045	662
1081	662
1102	662
1141	662
1173	662
123	663
168	663
441	663
621	663
734	663
824	663
1077	663
67	664
132	664
208	664
392	664
698	664
757	664
1103	664
12	665
564	665
1073	665
11	666
228	666
435	666
1190	666
190	667
1118	667
1119	667
1295	667
76	668
198	668
467	668
557	668
1111	668
51	669
385	669
659	669
738	669
789	670
3	671
14	671
141	671
176	671
348	671
439	671
449	671
461	671
583	671
603	671
773	671
903	671
1006	671
1028	671
1087	671
1120	671
1183	671
9	672
195	672
515	672
1294	672
162	673
593	673
739	673
928	673
1027	673
1040	673
285	674
496	674
497	674
1022	674
1190	674
816	675
1020	675
1081	675
1141	675
947	676
33	677
204	677
707	677
261	678
1211	678
1300	678
21	679
22	679
24	679
25	679
150	679
215	679
226	679
364	680
592	680
845	680
410	681
657	681
871	681
934	681
1218	681
85	682
128	682
130	682
138	682
153	682
779	682
892	682
941	682
154	683
322	683
326	683
344	683
415	683
418	683
514	683
588	683
780	683
804	683
826	683
859	683
886	683
1181	683
1236	683
1270	683
81	684
377	684
420	684
421	684
422	684
423	684
424	684
425	684
426	684
427	684
428	684
429	684
430	684
431	684
432	684
436	684
574	684
610	684
112	685
355	685
5	686
8	686
34	686
50	686
367	686
414	686
418	686
878	686
949	686
1297	686
143	687
369	687
392	687
595	687
757	687
981	687
1229	687
1238	687
1310	687
366	688
137	689
326	689
383	689
399	689
413	689
415	689
416	689
447	689
476	689
498	689
514	689
523	689
540	689
551	689
560	689
588	689
633	689
637	689
695	689
705	689
708	689
711	689
780	689
826	689
836	689
857	689
859	689
869	689
886	689
893	689
910	689
991	689
1007	689
1023	689
1191	689
1270	689
326	690
344	690
371	690
399	690
405	690
445	690
514	690
633	690
705	690
804	690
836	690
857	690
1007	690
1024	690
1236	690
1241	690
1270	690
1306	690
995	691
1217	691
526	692
590	692
730	692
883	692
960	692
1000	692
1193	692
1222	692
945	693
972	693
1165	693
157	694
280	694
586	694
591	694
702	694
1101	694
1180	694
1199	694
1210	694
8	695
326	695
339	695
371	695
415	695
418	695
433	695
437	695
445	695
447	695
453	695
476	695
569	695
577	695
588	695
633	695
689	695
711	695
724	695
780	695
804	695
807	695
836	695
859	695
864	695
886	695
961	695
968	695
1007	695
1017	695
1023	695
1024	695
1171	695
1175	695
1191	695
1270	695
1306	695
3	696
78	696
396	696
513	696
736	696
783	696
903	696
951	696
1087	696
1144	696
1153	696
1179	696
197	697
772	697
971	697
1026	697
318	698
407	698
664	698
793	698
875	698
1103	698
1018	699
1125	699
1126	699
1127	699
1128	699
1129	699
1130	699
1131	699
1132	699
364	700
492	700
592	700
845	700
1	701
2	701
4	701
44	701
82	701
174	701
186	701
230	701
388	701
412	701
452	701
84	702
157	702
182	702
280	702
694	702
1101	702
1210	702
217	703
470	703
582	703
841	703
965	703
1101	703
1199	703
518	704
628	704
846	704
884	704
977	704
326	705
328	705
339	705
371	705
383	705
399	705
415	705
416	705
447	705
500	705
514	705
540	705
551	705
560	705
588	705
633	705
655	705
689	705
690	705
780	705
826	705
836	705
857	705
859	705
869	705
1007	705
1023	705
1024	705
1175	705
1241	705
1270	705
1306	705
329	706
335	706
338	706
677	707
326	708
415	708
434	708
514	708
571	708
588	708
633	708
689	708
711	708
804	708
826	708
859	708
991	708
1172	708
1191	708
1236	708
1270	708
3	709
847	709
393	710
1292	710
326	711
328	711
341	711
344	711
371	711
405	711
411	711
415	711
433	711
498	711
504	711
519	711
539	711
540	711
551	711
588	711
633	711
689	711
695	711
708	711
724	711
836	711
857	711
859	711
886	711
968	711
1007	711
1017	711
1023	711
1191	711
1241	711
1270	711
1306	711
145	712
160	712
228	712
396	712
1061	712
714	713
715	713
716	713
717	713
718	713
719	713
1232	713
713	714
715	714
716	714
717	714
718	714
719	714
1232	714
713	715
714	715
716	715
717	715
718	715
719	715
1232	715
713	716
714	716
715	716
717	716
718	716
719	716
1232	716
713	717
714	717
715	717
716	717
718	717
719	717
1232	717
713	718
714	718
715	718
716	718
717	718
719	718
1232	718
713	719
714	719
715	719
716	719
717	719
718	719
1232	719
66	720
992	720
1014	720
998	721
234	722
354	722
473	722
601	722
763	722
843	722
1080	722
1231	722
291	723
361	723
511	723
615	723
776	723
831	723
832	723
1112	723
326	724
399	724
405	724
445	724
453	724
500	724
540	724
588	724
633	724
695	724
711	724
780	724
807	724
857	724
859	724
991	724
1023	724
1270	724
650	725
1308	725
36	726
94	726
502	726
567	726
321	727
465	727
827	727
833	727
865	727
900	727
995	727
1217	727
1238	727
326	728
433	728
588	728
633	728
1007	728
1024	728
201	729
232	729
351	729
750	729
1151	729
365	730
526	730
590	730
692	730
960	730
1000	730
1193	730
1222	730
46	731
293	731
561	732
1159	732
598	733
982	733
1016	733
168	734
441	734
663	734
1077	734
51	735
188	735
385	735
659	735
738	735
931	735
176	736
387	736
439	736
696	736
783	736
903	736
924	736
956	736
1022	736
1046	736
1142	736
1153	736
1188	736
166	737
1165	737
51	738
188	738
385	738
486	738
659	738
669	738
735	738
931	738
162	739
593	739
673	739
928	739
1027	739
1040	739
326	740
328	740
371	740
415	740
540	740
560	740
588	740
633	740
780	740
826	740
836	740
857	740
859	740
869	740
1007	740
1024	740
1175	740
1241	740
1270	740
295	741
435	741
477	742
747	742
1138	742
408	743
891	743
914	743
990	743
1084	743
1145	743
1185	743
346	744
746	744
749	744
751	744
782	744
805	744
1216	744
190	745
1119	745
1237	745
1298	745
744	746
749	746
751	746
805	746
1216	746
225	747
477	747
565	747
742	747
1138	747
1213	747
255	748
768	748
926	748
1107	748
744	749
746	749
751	749
782	749
805	749
1216	749
201	750
232	750
351	750
729	750
1151	750
744	751
746	751
749	751
782	751
805	751
1216	751
61	752
125	752
157	752
182	752
229	752
265	752
382	752
414	752
488	752
635	752
1068	752
1210	752
93	753
291	753
361	753
398	753
615	753
773	753
776	753
817	753
831	753
832	753
1063	753
1112	753
534	754
603	754
819	754
1205	754
121	755
290	755
236	756
956	756
1248	756
67	757
143	757
251	757
369	757
392	757
454	757
664	757
687	757
966	757
981	757
1275	757
116	758
183	758
202	758
210	758
211	758
214	758
464	758
482	758
536	758
779	758
396	759
568	759
572	759
1263	759
1307	759
261	760
645	760
320	761
517	761
938	761
178	762
330	762
234	763
354	763
722	763
843	763
1080	763
1231	763
39	764
61	764
125	764
182	764
229	764
265	764
280	764
382	764
591	764
840	764
915	764
965	764
1068	764
1170	764
1212	764
45	765
604	765
1091	765
968	766
1023	766
1025	766
1191	766
15	767
217	767
221	767
810	767
903	767
1175	767
1188	767
1236	767
255	768
358	768
748	768
821	768
926	768
1107	768
57	769
254	769
349	769
402	769
469	769
1133	769
261	770
1089	770
553	771
1066	771
1237	771
697	772
848	772
177	773
671	773
753	773
786	773
831	773
1028	773
1112	773
459	774
974	774
533	775
544	775
545	775
546	775
547	775
563	775
661	775
1033	775
361	776
398	776
538	776
615	776
723	776
753	776
817	776
832	776
419	777
328	778
371	778
399	778
413	778
500	778
539	778
540	778
560	778
588	778
633	778
857	778
859	778
869	778
936	778
961	778
991	778
1017	778
1024	778
1191	778
1241	778
1262	778
1270	778
1306	778
85	779
128	779
130	779
153	779
159	779
682	779
758	779
892	779
941	779
147	780
286	780
326	780
399	780
413	780
415	780
418	780
445	780
500	780
504	780
514	780
522	780
523	780
539	780
540	780
560	780
569	780
588	780
633	780
683	780
689	780
695	780
705	780
724	780
740	780
804	780
826	780
836	780
837	780
857	780
859	780
864	780
886	780
925	780
968	780
1007	780
1023	780
1175	780
1179	780
1191	780
1241	780
1270	780
1306	780
37	781
118	781
212	781
229	781
510	781
591	781
631	781
829	781
841	781
989	781
1058	781
1082	781
1101	781
1180	781
1238	781
744	782
749	782
751	782
1216	782
176	783
203	783
285	783
297	783
367	783
370	783
414	783
506	783
696	783
736	783
924	783
1006	783
1022	783
1074	783
1153	783
1188	783
1257	783
146	784
220	784
468	784
1108	784
92	785
255	785
580	785
583	786
773	786
333	787
842	787
927	788
108	789
670	789
39	790
280	790
829	790
1076	790
1170	790
45	791
904	791
1091	791
528	792
58	793
698	793
900	793
932	793
995	793
1238	793
480	794
969	794
134	795
391	795
624	795
814	795
1147	795
543	796
924	796
1012	796
518	797
628	797
846	797
884	797
937	798
177	799
378	799
486	799
600	799
1221	799
170	800
173	800
175	800
343	800
347	800
352	800
368	801
184	802
1002	802
646	803
1057	803
1082	803
1202	803
1203	803
147	804
322	804
326	804
328	804
334	804
341	804
371	804
415	804
418	804
445	804
453	804
476	804
479	804
483	804
498	804
500	804
504	804
514	804
522	804
523	804
540	804
560	804
571	804
588	804
608	804
633	804
683	804
690	804
695	804
708	804
780	804
825	804
826	804
837	804
859	804
886	804
947	804
968	804
991	804
1007	804
1008	804
1023	804
1171	804
1172	804
1175	804
1181	804
1236	804
1241	804
1270	804
1284	804
744	805
746	805
749	805
751	805
1216	805
294	806
336	806
487	806
808	806
858	806
1053	806
433	807
445	807
633	807
695	807
724	807
991	807
1306	807
336	808
806	808
858	808
1032	808
1053	808
528	809
569	810
577	810
588	810
767	810
1175	810
1236	810
1270	810
1284	810
570	811
973	812
925	813
134	814
391	814
624	814
795	814
1147	814
293	815
1227	815
675	816
1005	816
1081	816
1141	816
291	817
361	817
398	817
511	817
538	817
615	817
753	817
776	817
832	817
1063	817
1112	817
407	818
946	818
1217	818
1287	818
754	819
369	820
465	820
900	820
966	820
995	820
1238	820
768	821
926	821
929	821
470	822
841	822
1101	822
96	823
357	823
524	823
618	823
123	824
168	824
441	824
621	824
663	824
1077	824
43	825
588	825
804	825
991	825
1306	825
322	826
326	826
341	826
415	826
447	826
453	826
514	826
523	826
560	826
577	826
588	826
633	826
683	826
689	826
705	826
708	826
740	826
780	826
804	826
836	826
857	826
859	826
886	826
968	826
991	826
1023	826
1024	826
1175	826
1181	826
1236	826
1241	826
727	827
848	827
900	827
955	827
1229	827
438	828
529	828
612	828
1065	828
47	829
781	829
790	829
915	829
930	829
1068	829
1159	829
264	830
525	830
531	830
640	830
953	830
1038	830
1048	830
93	831
291	831
361	831
615	831
723	831
753	831
773	831
832	831
1112	831
93	832
291	832
361	832
398	832
511	832
538	832
615	832
723	832
753	832
776	832
817	832
831	832
1063	832
1112	832
727	833
848	833
1103	833
221	834
587	834
902	834
1061	834
1175	834
607	835
900	835
975	835
133	836
326	836
371	836
383	836
416	836
445	836
489	836
500	836
514	836
551	836
588	836
633	836
655	836
689	836
690	836
695	836
705	836
711	836
740	836
780	836
826	836
857	836
859	836
1023	836
1175	836
1191	836
1241	836
1270	836
1306	836
137	837
345	837
399	837
476	837
514	837
588	837
780	837
804	837
642	838
459	839
971	839
1093	839
505	840
764	840
882	840
1298	840
212	841
470	841
582	841
591	841
703	841
781	841
822	841
1101	841
1199	841
287	842
787	842
1174	842
1292	842
354	843
473	843
601	843
722	843
763	843
1080	843
1231	843
326	844
371	844
504	844
991	844
1017	844
1023	844
1024	844
1191	844
1270	844
1306	844
364	845
492	845
592	845
680	845
700	845
518	846
628	846
704	846
797	846
884	846
977	846
270	847
709	847
1088	847
1301	847
772	848
827	848
833	848
900	848
1217	848
900	849
190	850
205	850
597	850
1119	850
1298	850
854	851
855	851
856	851
900	852
1019	852
994	853
851	854
855	854
856	854
851	855
854	855
856	855
851	856
854	856
855	856
147	857
326	857
399	857
445	857
500	857
588	857
689	857
690	857
705	857
711	857
724	857
740	857
778	857
780	857
826	857
836	857
859	857
886	857
1023	857
1025	857
1175	857
1179	857
1270	857
1306	857
336	858
487	858
806	858
808	858
1032	858
137	859
147	859
322	859
325	859
326	859
328	859
339	859
371	859
383	859
399	859
415	859
445	859
447	859
476	859
483	859
498	859
500	859
504	859
514	859
522	859
540	859
551	859
560	859
569	859
577	859
588	859
623	859
633	859
683	859
689	859
695	859
705	859
708	859
711	859
724	859
740	859
778	859
780	859
804	859
826	859
836	859
857	859
886	859
910	859
968	859
991	859
1007	859
1023	859
1024	859
1025	859
1172	859
1175	859
1179	859
1191	859
1236	859
1241	859
1270	859
650	860
1308	860
571	861
584	861
1208	861
1157	862
392	863
509	863
1174	863
1238	863
389	864
445	864
588	864
695	864
780	864
1175	864
67	865
727	865
900	865
1043	865
1174	865
1238	865
512	866
1263	866
1296	866
1305	867
209	868
898	868
1234	868
326	869
371	869
413	869
540	869
633	869
689	869
705	869
740	869
778	869
1024	869
1241	869
1270	869
1286	869
83	870
355	870
964	870
42	871
53	871
152	871
410	871
657	871
681	871
934	871
1009	871
548	872
986	872
1226	872
1261	872
107	873
194	873
381	873
517	873
938	873
957	873
996	874
698	875
896	875
927	875
1079	875
1114	875
1238	875
50	876
199	876
1143	877
1167	877
1198	877
50	878
149	878
408	878
418	878
462	878
686	878
947	878
949	878
990	878
1091	878
1145	878
1237	878
136	879
316	879
180	880
268	880
1006	880
1149	881
406	882
465	882
840	882
921	882
1052	882
1103	882
1215	882
1217	882
1238	882
692	883
1246	883
518	884
628	884
704	884
797	884
846	884
92	885
147	886
154	886
322	886
328	886
415	886
418	886
514	886
560	886
588	886
633	886
683	886
689	886
695	886
711	886
780	886
804	886
826	886
857	886
859	886
968	886
1172	886
1175	886
1241	886
1270	886
336	887
487	887
619	887
541	888
616	888
1291	888
530	889
993	890
30	891
163	891
408	891
743	891
914	891
1145	891
1277	891
85	892
122	892
128	892
130	892
138	892
153	892
159	892
682	892
779	892
941	892
362	893
571	893
689	893
1088	893
459	894
481	894
948	894
1164	894
287	895
1075	895
1105	895
1258	895
380	896
875	896
984	896
1079	896
261	897
599	897
1170	897
209	898
868	898
1234	898
561	899
562	899
1137	899
58	900
165	900
218	900
251	900
252	900
261	900
279	900
359	900
407	900
454	900
465	900
595	900
727	900
793	900
820	900
827	900
835	900
848	900
849	900
852	900
865	900
932	900
955	900
979	900
982	900
995	900
1019	900
1098	900
1105	900
1110	900
1152	900
1167	900
1174	900
1178	900
1198	900
1204	900
1217	900
1238	900
1239	900
1310	900
121	901
266	901
474	901
578	901
653	901
374	902
380	902
409	902
449	902
462	902
505	902
834	902
908	902
1054	902
1094	902
1181	902
3	903
7	903
15	903
141	903
176	903
182	903
348	903
367	903
374	903
390	903
396	903
414	903
513	903
527	903
589	903
605	903
622	903
625	903
648	903
671	903
696	903
736	903
767	903
924	903
956	903
1087	903
1139	903
1142	903
1144	903
1153	903
1170	903
1181	903
1210	903
45	904
660	904
791	904
1091	904
262	905
282	905
963	905
448	906
460	906
1082	906
76	907
908	907
925	907
1192	907
380	908
440	908
462	908
495	908
902	908
907	908
962	908
1055	908
1074	908
646	909
1211	909
1289	909
133	910
341	910
588	910
689	910
859	910
1172	910
1270	910
337	911
606	911
1060	911
1104	911
34	912
77	912
461	912
920	912
646	913
970	913
974	913
743	914
891	914
1084	914
47	915
125	915
212	915
382	915
575	915
586	915
591	915
635	915
764	915
829	915
930	915
1068	915
1101	915
1159	915
1180	915
37	916
923	917
942	917
943	917
324	918
204	919
922	919
984	919
10	920
34	920
77	920
149	920
461	920
912	920
949	920
400	921
406	921
407	921
882	921
1052	921
1103	921
1204	921
1215	921
261	922
645	922
919	922
917	923
942	923
943	923
11	924
145	924
263	924
271	924
278	924
299	924
475	924
493	924
736	924
783	924
796	924
903	924
954	924
956	924
998	924
1012	924
1046	924
1087	924
1136	924
1153	924
199	925
380	925
607	925
780	925
813	925
907	925
255	926
748	926
768	926
821	926
6	927
237	927
238	927
239	927
240	927
241	927
242	927
243	927
244	927
246	927
788	927
875	927
1079	927
1114	927
162	928
593	928
673	928
739	928
1027	928
1040	928
821	929
47	930
212	930
575	930
586	930
829	930
915	930
1159	930
188	931
385	931
735	931
738	931
970	931
321	932
392	932
454	932
465	932
793	932
900	932
1098	932
1217	932
1238	932
613	933
1256	933
42	934
53	934
152	934
410	934
627	934
657	934
681	934
871	934
1009	934
67	935
207	935
400	935
1103	935
1215	935
1238	935
326	936
371	936
413	936
539	936
540	936
633	936
778	936
1007	936
1017	936
1024	936
1191	936
1270	936
1306	936
798	937
106	938
107	938
194	938
272	938
318	938
320	938
330	938
381	938
517	938
761	938
873	938
957	938
1093	938
200	939
357	940
85	941
122	941
128	941
130	941
138	941
153	941
159	941
682	941
779	941
892	941
917	942
923	942
943	942
917	943
923	943
942	943
439	944
506	944
581	944
1188	944
693	945
509	946
818	946
987	946
1238	946
59	947
127	947
543	947
553	947
676	947
804	947
878	947
1148	947
1181	947
1186	947
67	948
165	948
207	948
208	948
392	948
400	948
894	948
1103	948
1239	948
10	949
34	949
149	949
686	949
878	949
920	949
990	949
193	950
1086	950
471	951
478	951
648	951
696	951
1153	951
652	952
1003	952
264	953
525	953
640	953
830	953
1038	953
1048	953
11	954
493	954
924	954
827	955
900	955
981	955
983	955
1152	955
1238	955
89	956
387	956
393	956
660	956
736	956
756	956
903	956
924	956
998	956
1046	956
1087	956
1136	956
1139	956
272	957
517	957
873	957
938	957
516	958
662	958
1005	958
1045	958
1081	958
1102	958
1141	958
1078	959
1280	959
365	960
590	960
692	960
730	960
1193	960
1222	960
326	961
371	961
413	961
539	961
588	961
633	961
695	961
778	961
1017	961
1023	961
1024	961
1262	961
1270	961
1286	961
380	962
462	962
553	962
908	962
262	963
282	963
905	963
355	964
870	964
37	965
213	965
217	965
269	965
510	965
631	965
703	965
764	965
989	965
1058	965
1076	965
1082	965
1101	965
1163	965
1180	965
67	966
143	966
251	966
267	966
392	966
454	966
757	966
820	966
981	966
995	966
1098	966
375	967
1238	967
133	968
326	968
328	968
339	968
341	968
344	968
371	968
399	968
415	968
418	968
447	968
453	968
514	968
522	968
540	968
560	968
588	968
633	968
695	968
711	968
766	968
780	968
804	968
826	968
859	968
886	968
991	968
1007	968
1017	968
1023	968
1024	968
1025	968
1270	968
480	969
794	969
981	969
486	970
913	970
931	970
697	971
839	971
693	972
812	973
287	974
774	974
913	974
1238	974
835	975
1001	975
216	976
1008	976
256	977
518	977
628	977
704	977
846	977
33	978
184	978
998	978
1153	978
58	979
900	979
1174	979
1178	979
1217	979
1229	979
1238	979
330	980
251	981
595	981
687	981
757	981
955	981
966	981
969	981
733	982
900	982
1056	982
955	983
1152	983
145	984
176	984
204	984
227	984
317	984
334	984
374	984
384	984
506	984
550	984
558	984
571	984
656	984
896	984
919	984
1015	984
1161	984
1188	984
1243	984
124	985
227	985
1039	985
548	986
872	986
1238	986
946	987
1071	987
1228	987
1044	988
1163	988
212	989
448	989
591	989
631	989
781	989
965	989
1082	989
1101	989
1180	989
1288	989
10	990
149	990
408	990
520	990
743	990
878	990
949	990
1084	990
1145	990
1181	990
1185	990
1269	990
43	991
322	991
326	991
341	991
415	991
434	991
476	991
489	991
491	991
504	991
519	991
522	991
571	991
588	991
633	991
655	991
689	991
708	991
724	991
778	991
804	991
807	991
825	991
826	991
844	991
859	991
968	991
1023	991
1024	991
1025	991
1173	991
1175	991
1191	991
1241	991
1262	991
1270	991
66	992
720	992
1014	992
160	993
163	993
286	993
890	993
853	994
321	995
359	995
392	995
691	995
727	995
793	995
820	995
900	995
966	995
1103	995
1206	995
1217	995
1238	995
449	996
874	996
1289	996
419	997
384	998
618	998
721	998
924	998
956	998
978	998
222	999
368	999
416	999
692	1000
730	1000
1124	1000
1222	1000
975	1001
184	1002
802	1002
448	1003
952	1003
1082	1003
1163	1003
1288	1003
629	1004
516	1005
662	1005
816	1005
958	1005
1045	1005
1081	1005
1102	1005
1141	1005
1173	1005
1302	1005
145	1006
176	1006
180	1006
253	1006
268	1006
271	1006
384	1006
414	1006
439	1006
579	1006
660	1006
671	1006
783	1006
880	1006
1153	1006
1156	1006
133	1007
322	1007
326	1007
339	1007
344	1007
399	1007
405	1007
415	1007
434	1007
447	1007
483	1007
519	1007
522	1007
540	1007
551	1007
588	1007
623	1007
633	1007
689	1007
690	1007
695	1007
705	1007
711	1007
728	1007
740	1007
780	1007
804	1007
859	1007
936	1007
968	1007
1023	1007
1024	1007
1025	1007
1175	1007
1241	1007
1270	1007
1306	1007
804	1008
976	1008
1066	1008
53	1009
152	1009
410	1009
657	1009
871	1009
934	1009
392	1010
1149	1011
11	1012
299	1012
493	1012
796	1012
924	1012
1153	1012
583	1013
66	1014
199	1014
720	1014
992	1014
145	1015
984	1015
1262	1015
733	1016
1069	1016
1099	1016
434	1017
453	1017
491	1017
500	1017
504	1017
540	1017
588	1017
633	1017
695	1017
711	1017
778	1017
844	1017
936	1017
961	1017
968	1017
1023	1017
1024	1017
1025	1017
1191	1017
1241	1017
1243	1017
1262	1017
1270	1017
1306	1017
699	1018
1125	1018
1126	1018
1127	1018
1128	1018
1129	1018
1130	1018
1131	1018
1132	1018
852	1019
900	1019
1174	1019
1287	1019
675	1020
1102	1020
1140	1020
1141	1020
1172	1020
418	1021
578	1021
1054	1021
1185	1021
3	1022
263	1022
297	1022
674	1022
736	1022
783	1022
1046	1022
133	1023
326	1023
339	1023
341	1023
344	1023
371	1023
415	1023
445	1023
447	1023
476	1023
498	1023
504	1023
519	1023
523	1023
537	1023
539	1023
540	1023
551	1023
560	1023
588	1023
633	1023
689	1023
695	1023
705	1023
711	1023
724	1023
766	1023
780	1023
804	1023
826	1023
836	1023
844	1023
857	1023
859	1023
961	1023
968	1023
991	1023
1007	1023
1017	1023
1024	1023
1025	1023
1171	1023
1172	1023
1191	1023
1243	1023
1262	1023
1270	1023
1306	1023
326	1024
328	1024
371	1024
399	1024
405	1024
413	1024
433	1024
445	1024
453	1024
491	1024
504	1024
514	1024
537	1024
539	1024
540	1024
551	1024
588	1024
633	1024
690	1024
695	1024
705	1024
728	1024
740	1024
778	1024
826	1024
844	1024
859	1024
869	1024
936	1024
961	1024
968	1024
991	1024
1007	1024
1017	1024
1023	1024
1025	1024
1173	1024
1175	1024
1241	1024
1243	1024
1270	1024
1286	1024
1306	1024
326	1025
371	1025
504	1025
539	1025
588	1025
766	1025
857	1025
859	1025
968	1025
991	1025
1007	1025
1017	1025
1023	1025
1024	1025
1191	1025
1236	1025
1270	1025
697	1026
1109	1026
162	1027
593	1027
673	1027
739	1027
928	1027
1040	1027
1166	1027
50	1028
578	1028
671	1028
773	1028
1120	1028
654	1029
40	1030
378	1030
455	1030
356	1031
294	1032
336	1032
487	1032
808	1032
858	1032
533	1033
544	1033
545	1033
546	1033
547	1033
563	1033
661	1033
775	1033
14	1034
348	1034
367	1034
461	1034
589	1034
1142	1034
1285	1034
176	1035
283	1035
571	1035
1047	1035
1161	1035
1175	1035
1242	1035
620	1036
1113	1036
1150	1036
1268	1036
216	1037
1298	1037
264	1038
525	1038
531	1038
640	1038
830	1038
953	1038
1048	1038
166	1039
191	1039
197	1039
204	1039
318	1039
653	1039
985	1039
1079	1039
162	1040
593	1040
673	1040
739	1040
928	1040
1027	1040
596	1041
641	1041
1214	1041
63	1042
64	1042
65	1042
865	1043
1078	1043
1154	1043
1168	1043
1280	1043
160	1044
646	1044
988	1044
662	1045
958	1045
1005	1045
1081	1045
1102	1045
1141	1045
1173	1045
11	1046
299	1046
396	1046
419	1046
497	1046
611	1046
736	1046
924	1046
956	1046
1022	1046
1055	1046
1087	1046
1190	1046
86	1047
87	1047
91	1047
192	1047
433	1047
466	1047
1035	1047
1242	1047
264	1048
525	1048
531	1048
640	1048
830	1048
953	1048
1038	1048
1059	1049
1155	1049
1160	1049
1278	1049
26	1050
60	1050
1251	1050
139	1051
178	1051
379	1052
400	1052
406	1052
407	1052
882	1052
921	1052
1100	1052
1104	1052
1215	1052
1280	1052
1301	1052
294	1053
336	1053
487	1053
806	1053
808	1053
409	1054
462	1054
608	1054
902	1054
1021	1054
1091	1054
1181	1054
418	1055
437	1055
462	1055
660	1055
908	1055
1046	1055
1074	1055
1087	1055
1091	1055
1161	1055
1181	1055
376	1056
585	1056
598	1056
982	1056
1167	1056
1168	1056
1224	1056
1238	1056
1282	1056
646	1057
803	1057
1203	1057
217	1058
781	1058
965	1058
1049	1059
1155	1059
1160	1059
1278	1059
337	1060
606	1060
911	1060
221	1061
712	1061
834	1061
111	1062
331	1062
1283	1062
398	1063
538	1063
753	1063
817	1063
832	1063
205	1064
597	1064
1298	1064
438	1065
529	1065
612	1065
828	1065
771	1066
1008	1066
449	1067
1088	1067
61	1068
125	1068
157	1068
182	1068
229	1068
265	1068
382	1068
586	1068
591	1068
635	1068
752	1068
764	1068
829	1068
915	1068
1210	1068
1016	1069
1280	1069
144	1070
576	1070
1169	1070
1203	1070
987	1071
1100	1071
1228	1071
1233	1071
261	1072
564	1073
665	1073
141	1074
271	1074
285	1074
571	1074
656	1074
783	1074
908	1074
1055	1074
112	1075
287	1075
549	1075
895	1075
1089	1075
1105	1075
1238	1075
1264	1075
213	1076
269	1076
578	1076
790	1076
965	1076
1082	1076
1210	1076
123	1077
193	1077
289	1077
441	1077
621	1077
663	1077
734	1077
824	1077
959	1078
1043	1078
1167	1078
1215	1078
875	1079
896	1079
927	1079
1039	1079
1114	1079
234	1080
354	1080
473	1080
601	1080
722	1080
763	1080
843	1080
1231	1080
662	1081
675	1081
816	1081
958	1081
1005	1081
1045	1081
1141	1081
1173	1081
118	1082
161	1082
213	1082
297	1082
342	1082
414	1082
448	1082
460	1082
475	1082
493	1082
497	1082
510	1082
591	1082
611	1082
631	1082
651	1082
781	1082
803	1082
906	1082
965	1082
989	1082
1003	1082
1076	1082
1159	1082
1163	1082
1170	1082
1180	1082
1202	1082
1210	1082
1288	1082
48	1083
54	1083
330	1083
649	1083
408	1084
520	1084
743	1084
914	1084
990	1084
1145	1084
1185	1084
1269	1084
599	1085
658	1085
950	1086
7	1087
263	1087
299	1087
437	1087
475	1087
611	1087
671	1087
696	1087
903	1087
924	1087
956	1087
1046	1087
1055	1087
1136	1087
185	1088
270	1088
449	1088
847	1088
893	1088
1067	1088
1181	1088
261	1089
770	1089
1075	1089
249	1090
289	1090
0	1091
5	1091
59	1091
263	1091
362	1091
367	1091
370	1091
418	1091
462	1091
475	1091
476	1091
494	1091
765	1091
791	1091
878	1091
904	1091
1054	1091
1055	1091
1237	1091
1289	1091
12	1092
372	1092
1172	1092
403	1093
839	1093
938	1093
1310	1093
28	1094
166	1094
204	1094
902	1094
67	1095
148	1095
208	1095
392	1095
1238	1095
16	1096
17	1096
18	1096
19	1096
20	1096
31	1096
32	1096
35	1096
38	1096
472	1097
67	1098
454	1098
900	1098
932	1098
966	1098
458	1099
1016	1099
1052	1100
1071	1100
1204	1100
1239	1100
61	1101
84	1101
212	1101
229	1101
442	1101
470	1101
582	1101
591	1101
631	1101
694	1101
702	1101
703	1101
781	1101
822	1101
841	1101
915	1101
965	1101
989	1101
1180	1101
1199	1101
1279	1101
249	1102
476	1102
662	1102
958	1102
1005	1102
1020	1102
1045	1102
1106	1102
1141	1102
1173	1102
58	1103
132	1103
318	1103
321	1103
376	1103
379	1103
392	1103
407	1103
595	1103
664	1103
698	1103
833	1103
882	1103
921	1103
935	1103
948	1103
995	1103
1154	1103
1215	1103
1217	1103
1238	1103
321	1104
330	1104
337	1104
379	1104
392	1104
406	1104
407	1104
606	1104
911	1104
1052	1104
1238	1104
251	1105
330	1105
549	1105
895	1105
900	1105
1075	1105
1154	1105
1238	1105
1264	1105
1102	1106
748	1107
768	1107
1189	1107
146	1108
468	1108
784	1108
1026	1109
1208	1109
318	1110
379	1110
900	1110
1238	1110
271	1111
362	1111
467	1111
557	1111
668	1111
93	1112
291	1112
361	1112
615	1112
723	1112
753	1112
773	1112
817	1112
831	1112
832	1112
228	1113
435	1113
568	1113
620	1113
1036	1113
1150	1113
1268	1113
485	1114
875	1114
927	1114
1079	1114
481	1115
1240	1115
653	1116
135	1117
626	1117
634	1118
667	1118
1162	1118
1298	1118
190	1119
667	1119
745	1119
850	1119
1295	1119
104	1120
459	1120
472	1120
671	1120
1028	1120
102	1121
1123	1122
1122	1123
1000	1124
699	1125
1018	1125
1126	1125
1127	1125
1128	1125
1129	1125
1130	1125
1131	1125
1132	1125
699	1126
1018	1126
1125	1126
1127	1126
1128	1126
1130	1126
1131	1126
1132	1126
699	1127
1018	1127
1125	1127
1126	1127
1128	1127
1129	1127
1130	1127
1131	1127
1132	1127
699	1128
1018	1128
1125	1128
1126	1128
1127	1128
1129	1128
1130	1128
1131	1128
1132	1128
699	1129
1018	1129
1125	1129
1127	1129
1128	1129
1130	1129
699	1130
1018	1130
1125	1130
1126	1130
1127	1130
1128	1130
1129	1130
1131	1130
1132	1130
699	1131
1018	1131
1125	1131
1126	1131
1127	1131
1128	1131
1130	1131
1132	1131
699	1132
1018	1132
1125	1132
1126	1132
1127	1132
1128	1132
1130	1132
1131	1132
254	1133
349	1133
402	1133
469	1133
769	1133
1184	1133
197	1134
290	1134
131	1135
1238	1135
1264	1135
297	1136
924	1136
956	1136
1087	1136
1153	1136
561	1137
562	1137
899	1137
1301	1137
119	1138
236	1138
477	1138
742	1138
747	1138
1213	1138
414	1139
605	1139
903	1139
956	1139
1153	1139
1020	1140
1173	1140
516	1141
662	1141
675	1141
816	1141
958	1141
1005	1141
1020	1141
1045	1141
1081	1141
1102	1141
30	1142
348	1142
736	1142
903	1142
1034	1142
1153	1142
877	1143
696	1144
903	1144
1161	1144
408	1145
520	1145
743	1145
878	1145
891	1145
990	1145
1084	1145
1181	1145
1185	1145
1269	1145
1277	1145
1149	1146
134	1147
391	1147
795	1147
814	1147
334	1148
646	1148
947	1148
1237	1148
493	1149
881	1149
1011	1149
1146	1149
1246	1149
228	1150
435	1150
620	1150
1036	1150
1113	1150
1268	1150
201	1151
232	1151
351	1151
729	1151
750	1151
465	1152
900	1152
955	1152
983	1152
1217	1152
1229	1152
1238	1152
3	1153
30	1153
78	1153
145	1153
176	1153
278	1153
286	1153
299	1153
348	1153
390	1153
396	1153
414	1153
513	1153
584	1153
605	1153
625	1153
696	1153
736	1153
783	1153
903	1153
924	1153
951	1153
978	1153
1006	1153
1012	1153
1136	1153
1139	1153
1142	1153
1188	1153
1043	1154
1103	1154
1105	1154
1280	1154
1049	1155
1059	1155
1160	1155
1278	1155
1006	1156
862	1157
449	1158
47	1159
155	1159
212	1159
382	1159
510	1159
575	1159
732	1159
829	1159
915	1159
930	1159
1082	1159
1049	1160
1059	1160
1155	1160
1247	1160
1278	1160
145	1161
374	1161
396	1161
569	1161
984	1161
1035	1161
1055	1161
1144	1161
1241	1161
1270	1161
1118	1162
965	1163
988	1163
1003	1163
1082	1163
1170	1163
894	1164
693	1165
737	1165
1175	1165
1258	1165
1027	1166
218	1167
877	1167
900	1167
1056	1167
1078	1167
148	1168
1043	1168
1056	1168
144	1169
576	1169
1070	1169
39	1170
269	1170
342	1170
575	1170
605	1170
764	1170
790	1170
897	1170
903	1170
1082	1170
1163	1170
1199	1170
1210	1170
326	1171
695	1171
804	1171
1023	1171
1270	1171
12	1172
322	1172
325	1172
326	1172
399	1172
415	1172
476	1172
514	1172
537	1172
577	1172
708	1172
804	1172
859	1172
886	1172
910	1172
1020	1172
1023	1172
1092	1172
1173	1172
1191	1172
1306	1172
662	1173
991	1173
1005	1173
1024	1173
1045	1173
1081	1173
1102	1173
1140	1173
1172	1173
1306	1173
252	1174
318	1174
321	1174
842	1174
863	1174
865	1174
900	1174
979	1174
1019	1174
1238	1174
43	1175
133	1175
147	1175
154	1175
221	1175
317	1175
322	1175
326	1175
328	1175
399	1175
411	1175
415	1175
418	1175
433	1175
447	1175
476	1175
489	1175
500	1175
504	1175
514	1175
522	1175
540	1175
551	1175
560	1175
569	1175
571	1175
577	1175
588	1175
633	1175
695	1175
705	1175
740	1175
767	1175
780	1175
804	1175
810	1175
826	1175
834	1175
836	1175
857	1175
859	1175
864	1175
886	1175
991	1175
1007	1175
1024	1175
1035	1175
1165	1175
1181	1175
1188	1175
1241	1175
1270	1175
1284	1175
1306	1175
9	1176
233	1176
515	1176
1294	1176
109	1177
231	1177
235	1177
245	1177
247	1177
250	1177
257	1177
258	1177
259	1177
260	1177
273	1177
274	1177
275	1177
276	1177
277	1177
535	1177
602	1177
279	1178
376	1178
465	1178
900	1178
979	1178
415	1179
588	1179
696	1179
780	1179
857	1179
859	1179
118	1180
229	1180
470	1180
510	1180
591	1180
631	1180
694	1180
781	1180
915	1180
965	1180
989	1180
1082	1180
1101	1180
1199	1180
127	1181
145	1181
204	1181
326	1181
374	1181
399	1181
408	1181
418	1181
449	1181
462	1181
514	1181
543	1181
588	1181
683	1181
804	1181
826	1181
902	1181
903	1181
947	1181
990	1181
1054	1181
1055	1181
1088	1181
1145	1181
1175	1181
418	1182
463	1182
671	1183
57	1184
349	1184
402	1184
1133	1184
520	1185
743	1185
990	1185
1021	1185
1084	1185
1145	1185
127	1186
285	1186
543	1186
947	1186
256	1187
384	1187
1292	1187
141	1188
390	1188
581	1188
736	1188
767	1188
783	1188
944	1188
984	1188
1153	1188
1175	1188
580	1189
1107	1189
370	1190
497	1190
666	1190
674	1190
1046	1190
166	1191
326	1191
415	1191
447	1191
504	1191
539	1191
588	1191
633	1191
689	1191
695	1191
708	1191
711	1191
766	1191
778	1191
780	1191
836	1191
844	1191
859	1191
936	1191
991	1191
1017	1191
1023	1191
1025	1191
1172	1191
1270	1191
1296	1191
907	1192
365	1193
526	1193
590	1193
692	1193
730	1193
960	1193
1195	1194
1197	1194
1200	1194
1235	1194
1194	1195
1196	1195
1197	1195
1200	1195
1235	1195
1195	1196
1197	1196
1200	1196
1235	1196
1194	1197
1195	1197
1196	1197
1200	1197
1235	1197
333	1198
877	1198
900	1198
1217	1198
125	1199
157	1199
212	1199
261	1199
470	1199
488	1199
582	1199
586	1199
591	1199
635	1199
694	1199
703	1199
841	1199
1101	1199
1170	1199
1180	1199
1210	1199
1212	1199
1223	1199
1279	1199
1194	1200
1195	1200
1196	1200
1197	1200
1235	1200
521	1201
176	1202
332	1202
646	1202
803	1202
1082	1202
144	1203
449	1203
576	1203
578	1203
803	1203
1057	1203
1070	1203
132	1204
900	1204
921	1204
1100	1204
534	1205
603	1205
754	1205
252	1206
406	1206
995	1206
1238	1206
327	1207
363	1207
261	1208
861	1208
1109	1208
1285	1208
1289	1208
1310	1208
543	1209
39	1210
61	1210
125	1210
157	1210
182	1210
229	1210
265	1210
280	1210
382	1210
488	1210
582	1210
586	1210
591	1210
631	1210
635	1210
694	1210
702	1210
752	1210
903	1210
1068	1210
1076	1210
1082	1210
1170	1210
1199	1210
1212	1210
678	1211
909	1211
1300	1211
212	1212
586	1212
591	1212
764	1212
1199	1212
1210	1212
451	1213
477	1213
747	1213
1138	1213
139	1214
596	1214
1041	1214
132	1215
321	1215
406	1215
407	1215
882	1215
921	1215
935	1215
1052	1215
1078	1215
1103	1215
1238	1215
346	1216
744	1216
746	1216
749	1216
751	1216
782	1216
805	1216
226	1217
318	1217
403	1217
465	1217
566	1217
595	1217
691	1217
727	1217
818	1217
848	1217
882	1217
900	1217
932	1217
979	1217
995	1217
1103	1217
1152	1217
1198	1217
1238	1217
681	1218
221	1219
587	1219
1311	1220
501	1221
799	1221
8	1222
365	1222
506	1222
526	1222
590	1222
692	1222
730	1222
960	1222
1000	1222
1199	1223
1279	1223
330	1224
1056	1224
185	1225
644	1225
459	1226
548	1226
872	1226
815	1227
1310	1227
392	1228
987	1228
1071	1228
1233	1228
143	1229
687	1229
827	1229
979	1229
1152	1229
1238	1229
29	1230
129	1230
340	1230
234	1231
354	1231
473	1231
601	1231
722	1231
763	1231
843	1231
1080	1231
713	1232
714	1232
715	1232
716	1232
717	1232
718	1232
719	1232
1071	1233
1228	1233
209	1234
868	1234
898	1234
1194	1235
1195	1235
1196	1235
1197	1235
1200	1235
43	1236
154	1236
176	1236
317	1236
322	1236
326	1236
476	1236
569	1236
571	1236
577	1236
588	1236
683	1236
690	1236
708	1236
767	1236
804	1236
810	1236
826	1236
859	1236
1025	1236
1284	1236
59	1237
494	1237
559	1237
745	1237
771	1237
878	1237
1091	1237
1148	1237
58	1238
67	1238
112	1238
131	1238
143	1238
208	1238
216	1238
218	1238
287	1238
321	1238
330	1238
379	1238
386	1238
392	1238
454	1238
459	1238
465	1238
485	1238
548	1238
549	1238
595	1238
687	1238
727	1238
781	1238
793	1238
820	1238
863	1238
865	1238
875	1238
882	1238
900	1238
932	1238
935	1238
946	1238
955	1238
967	1238
974	1238
979	1238
986	1238
995	1238
1056	1238
1075	1238
1095	1238
1103	1238
1104	1238
1105	1238
1110	1238
1135	1238
1152	1238
1174	1238
1206	1238
1215	1238
1217	1238
1229	1238
1264	1238
900	1239
948	1239
1100	1239
1290	1239
481	1240
1115	1240
133	1241
147	1241
326	1241
328	1241
344	1241
371	1241
383	1241
399	1241
405	1241
411	1241
413	1241
445	1241
447	1241
453	1241
498	1241
500	1241
539	1241
540	1241
551	1241
560	1241
577	1241
588	1241
633	1241
655	1241
690	1241
705	1241
711	1241
740	1241
778	1241
780	1241
804	1241
826	1241
836	1241
859	1241
869	1241
886	1241
991	1241
1007	1241
1017	1241
1024	1241
1161	1241
1175	1241
1270	1241
1306	1241
86	1242
87	1242
88	1242
91	1242
192	1242
466	1242
1035	1242
1047	1242
326	1243
523	1243
984	1243
1017	1243
1023	1243
1024	1243
1262	1243
1270	1243
1306	1243
444	1244
526	1245
590	1245
883	1246
1149	1246
1303	1246
248	1247
1160	1247
187	1248
756	1248
509	1249
181	1250
1267	1250
26	1251
60	1251
1050	1251
1299	1251
129	1252
1255	1253
643	1254
1253	1255
494	1256
613	1256
933	1256
439	1257
783	1257
287	1258
571	1258
895	1258
1165	1258
392	1259
41	1260
550	1260
548	1261
872	1261
371	1262
540	1262
551	1262
588	1262
633	1262
778	1262
961	1262
991	1262
1015	1262
1017	1262
1023	1262
1243	1262
1270	1262
281	1263
295	1263
396	1263
512	1263
568	1263
572	1263
573	1263
759	1263
866	1263
143	1264
549	1264
1075	1264
1105	1264
1135	1264
1238	1264
28	1265
141	1265
176	1265
221	1265
334	1265
374	1265
1280	1266
181	1267
1250	1267
228	1268
281	1268
620	1268
1036	1268
1113	1268
1150	1268
1296	1268
34	1269
408	1269
520	1269
527	1269
990	1269
1084	1269
1145	1269
133	1270
147	1270
322	1270
326	1270
328	1270
339	1270
341	1270
344	1270
371	1270
383	1270
399	1270
405	1270
415	1270
433	1270
434	1270
447	1270
476	1270
498	1270
504	1270
522	1270
523	1270
539	1270
540	1270
551	1270
571	1270
577	1270
588	1270
633	1270
683	1270
689	1270
690	1270
695	1270
705	1270
708	1270
711	1270
724	1270
740	1270
778	1270
780	1270
804	1270
810	1270
836	1270
844	1270
857	1270
859	1270
869	1270
886	1270
910	1270
936	1270
961	1270
968	1270
991	1270
1007	1270
1017	1270
1023	1270
1024	1270
1025	1270
1161	1270
1171	1270
1175	1270
1191	1270
1241	1270
1243	1270
1262	1270
1286	1270
1306	1270
126	1271
1272	1271
1273	1271
1274	1271
1276	1271
126	1272
1271	1272
1273	1272
1274	1272
1276	1272
126	1273
1271	1273
1272	1273
1274	1273
1276	1273
126	1274
1271	1274
1272	1274
1273	1274
1276	1274
757	1275
126	1276
1271	1276
1272	1276
1273	1276
1274	1276
408	1277
461	1277
891	1277
1145	1277
1049	1278
1059	1278
1155	1278
1160	1278
157	1279
582	1279
1101	1279
1199	1279
1223	1279
959	1280
1043	1280
1052	1280
1069	1280
1154	1280
1266	1280
8	1281
15	1281
456	1281
288	1282
457	1282
1056	1282
111	1283
331	1283
1062	1283
317	1284
483	1284
577	1284
588	1284
804	1284
810	1284
1175	1284
1236	1284
59	1285
348	1285
1034	1285
1208	1285
59	1286
588	1286
869	1286
961	1286
1024	1286
1270	1286
1306	1286
818	1287
1019	1287
161	1288
989	1288
1003	1288
1082	1288
59	1289
449	1289
494	1289
555	1289
909	1289
996	1289
1091	1289
1208	1289
121	1290
287	1290
330	1290
1239	1290
541	1291
616	1291
888	1291
164	1292
256	1292
393	1292
608	1292
710	1292
842	1292
1187	1292
284	1293
644	1293
9	1294
195	1294
515	1294
672	1294
1176	1294
634	1295
667	1295
1119	1295
295	1296
396	1296
512	1296
568	1296
572	1296
573	1296
866	1296
1191	1296
1268	1296
124	1297
414	1297
686	1297
205	1298
449	1298
597	1298
745	1298
840	1298
850	1298
1037	1298
1064	1298
1118	1298
26	1299
1251	1299
14	1300
185	1300
678	1300
1211	1300
140	1301
407	1301
847	1301
1052	1301
1137	1301
1005	1302
1246	1303
395	1304
614	1304
636	1304
867	1305
326	1306
334	1306
371	1306
405	1306
415	1306
445	1306
453	1306
498	1306
514	1306
519	1306
522	1306
539	1306
551	1306
588	1306
633	1306
690	1306
695	1306
705	1306
711	1306
778	1306
780	1306
807	1306
825	1306
836	1306
844	1306
857	1306
936	1306
1007	1306
1017	1306
1023	1306
1024	1306
1172	1306
1173	1306
1175	1306
1241	1306
1243	1306
1270	1306
1286	1306
759	1307
650	1308
725	1308
860	1308
639	1309
218	1310
380	1310
644	1310
687	1310
900	1310
1093	1310
1208	1310
1227	1310
1220	1311
417	1312
